Interlock 4: (28, 10), (29, 10), (30, 10), (30, 11), (30, 12), (30, 13), (30, 14), (30, 15), (30, 16), (30, 17), (30, 18), (30, 19), (30, 20), (30, 21), (31, 10), (32, 10)

AGV 2 - At Col 13 Row 10 - Target Col 14.0 Row 8.0
Interlock 1: (14, 10), (15, 10), (16, 9), (16, 10), (16, 11), (17, 9), (17, 10), (17, 11)
Interlock 2: (13, 8), (13, 9), (13, 10), (14, 1), (14, 2), (14, 3), (14, 4), (14, 5), (14, 6), (14, 7), (14, 8), (14, 9), (14, 10), (14, 11), (14, 12), (14, 13), (14, 14), (14, 15), (14, 16), (14, 17), (14, 18), (14, 19), (14, 20), (14, 21), (15, 8), (15, 9), (15, 10)

AGV 1 - At Col 30 Row 11 - Target Col 12.5 Row 8.0
Interlock 4: (28, 10), (29, 10), (30, 10), (30, 11), (30, 12), (30, 13), (30, 14), (30, 15), (30, 16), (30, 17), (30, 18), (30, 19), (30, 20), (30, 21), (31, 10), (32, 10)

AGV 2 - At Col 13 Row 10 - Target Col 14.0 Row 8.0
Interlock 1: (14, 10), (15, 10), (16, 9), (16, 10), (16, 11), (17, 9), (17, 10), (17, 11)
Interlock 2: (13, 8), (13, 9), (13, 10), (14, 1), (14, 2), (14, 3), (14, 4), (14, 5), (14, 6), (14, 7), (14, 8), (14, 9), (14, 10), (14, 11), (14, 12), (14, 13), (14, 14), (14, 15), (14, 16), (14, 17), (14, 18), (14, 19), (14, 20), (14, 21), (15, 8), (15, 9), (15, 10)

AGV 1 - At Col 30 Row 11 - Target Col 12.5 Row 8.0
Interlock 4: (28, 10), (29, 10), (30, 10), (30, 11), (30, 12), (30, 13), (30, 14), (30, 15), (30, 16), (30, 17), (30, 18), (30, 19), (30, 20), (30, 21), (31, 10), (32, 10)

AGV 2 - At Col 13 Row 10 - Target Col 14.0 Row 8.0
Interlock 1: (14, 10), (15, 10), (16, 9), (16, 10), (16, 11), (17, 9), (17, 10), (17, 11)
Interlock 2: (13, 8), (13, 9), (13, 10), (14, 1), (14, 2), (14, 3), (14, 4), (14, 5), (14, 6), (14, 7), (14, 8), (14, 9), (14, 10), (14, 11), (14, 12), (14, 13), (14, 14), (14, 15), (14, 16), (14, 17), (14, 18), (14, 19), (14, 20), (14, 21), (15, 8), (15, 9), (15, 10)

AGV 1 - At Col 30 Row 11 - Target Col 12.5 Row 8.0
Interlock 4: (28, 10), (29, 10), (30, 10), (30, 11), (30, 12), (30, 13), (30, 14), (30, 15), (30, 16), (30, 17), (30, 18), (30, 19), (30, 20), (30, 21), (31, 10), (32, 10)

AGV 2 - At Col 13 Row 10 - Target Col 14.0 Row 8.0
Interlock 1: (14, 10), (15, 10), (16, 9), (16, 10), (16, 11), (17, 9), (17, 10), (17, 11)
Interlock 2: (13, 8), (13, 9), (13, 10), (14, 1), (14, 2), (14, 3), (14, 4), (14, 5), (14, 6), (14, 7), (14, 8), (14, 9), (14, 10), (14, 11), (14, 12), (14, 13), (14, 14), (14, 15), (14, 16), (14, 17), (14, 18), (14, 19), (14, 20), (14, 21), (15, 8), (15, 9), (15, 10)

AGV 1 - At Col 30 Row 11 - Target Col 12.5 Row 8.0
Interlock 4: (28, 10), (29, 10), (30, 10), (30, 11), (30, 12), (30, 13), (30, 14), (30, 15), (30, 16), (30, 17), (30, 18), (30, 19), (30, 20), (30, 21), (31, 10), (32, 10)

AGV 2 - At Col 13 Row 10 - Target Col 14.0 Row 8.0
Interlock 1: (14, 10), (15, 10), (16, 9), (16, 10), (16, 11), (17, 9), (17, 10), (17, 11)
Interlock 2: (13, 8), (13, 9), (13, 10), (14, 1), (14, 2), (14, 3), (14, 4), (14, 5), (14, 6), (14, 7), (14, 8), (14, 9), (14, 10), (14, 11), (14, 12), (14, 13), (14, 14), (14, 15), (14, 16), (14, 17), (14, 18), (14, 19), (14, 20), (14, 21), (15, 8), (15, 9), (15, 10)